Monthly Rainfall Statistics
            sum  mean  std
Year Month                
1855 1      5.0   1.0  0.0
     2      3.0   1.0  0.0
     3      5.0   1.0  0.0
     4      3.0   1.0  0.0
     5      2.0   1.0  0.0
...         ...   ...  ...
2015 2      1.0   1.0  NaN
     3      1.0   1.0  NaN
     4      1.0   1.0  NaN
     5      1.0   1.0  NaN
     6      1.0   1.0  NaN

[4966 rows x 3 columns]

Annual Rainfall Statistics
        sum      mean       std
Year                           
1855  111.0  1.000000  0.000000
1856  135.0  1.000000  0.000000
1857  142.0  1.000000  0.000000
1858  158.0  1.000000  0.000000
1859  153.0  1.000000  0.000000
...     ...       ...       ...
2011  196.0  1.180723  0.605922
2012  212.0  1.618321  0.940197
2013  214.0  1.597015  0.966502
2014  211.0  1.574627  1.106215
2015    6.0  1.000000  0.000000

[161 rows x 3 columns]
